9788418892042
9788417033323
9788417033644
9788416004928
9788416004652
9788418563447
9788417602208
9789878452203
9789873954436
9788418892745
9788417602512
9788417949525
9788416353774
9788416781461
9788417602505
9788418892547
9788417602277
9788417949341
9788416781201
9788416353767
9788417033958
9788416353620
9788417033040
9788418257278
9788417949860
9788418892417
9788417370459
9788417602338
9788417602468
9788415419532
9788416004324
9788418563461
9788416353873
9788417033750
9788417033286
9788419284150
9788416004836
9788416654505
9788418892622
9788418563355
9788417370091
9788416353798
9788416353781
9788418563898
9788417949440
9788417949129
9788417602925
9788418892172
9788416004775
9788416781225
9788417602178
9788416654994
9788417370008
9788418257544
9788418563829
9788416781256
9788417033903
9788417949006
9788417602703
9788417949884
9788416781706
9788418563133
9788418257797
9788417949730
9788418563904
9788416781218
9781975180447
9781975113360
9788416004119
9788417033743
9788417602031
9788417949358
9788418257360
9788418563454
9788418892189
9788418892967
9788419284129
9788418257575
9788417602291
9788417033989
9788417033897
9788417602123
9788417602567
9788417602963
9788418563362
9788418563614
9788417370114
9788418257391
9788416781539
9788418257407
9788416781607
9788417033996
9788417602819
9788417033477
9788417949716
9788417370145
9788417370367
9788417949549
9788417949563
9788418257216
9788419284068
9788417949532
9788417949556
9788418257209
9788418257728
9788417949822
9788416004720
9788416781188
9788416004201
9788418563546
9788417033361
9788417949112
9788417949273
9788418257506
9788418563867
9788418892479
9788416654468
9788418563942
9788418892295
9788418892301
9788416004140
9788417949280
9788419284006
9788418257681
9788417949853
9788417033132
9788417602826
9788418257285
9788417033354
9788418892141
9788418563935
9788417602611
9788418257179
9788418257476
9788417949877
9788417602604
9788417033385
9788418892615
9788418892110
9788416781645
9788418892462
9788418892059
9788418892202
9788418892196
9788418257858
9788418563126
9788418257865
9788418257414
9788418563768
9788417949211
9788418892912
9788416781508
9788418257841
9788416654499
9788416781614
9788416781713
9788418892424
9788417602857
9788416781003
9788418257292
9788418892653
9788418563195
9788418257803
9788418563836
9788418257117
9788418892004
9788418257261
9788417949181
9788418892448
9788417602628
9789878452265
9789874922960
9789874922854
9789874922434
9789874922052
9789873954979
9789871981915
9789871981830
9789871981236
9789871981243
9789874922144
9789874922113
9789874922229
9789874922366
9789873954900
9789873954337
9789873954412
9789871981878
9789871259809
9789871259847
9789871259977
9789871259984
9789871259991
9789878452104
9789878452142
9789878452272
9789878452159
9789874922953
978987492292
9789874922809
9789874922502
9789874922403
9789874922700
9789874922779 
9789874922625
9789874922205
9789874922106
9789874922038
9789871981861
9789873954511
9789873954771
9789873954191
9789871981809
9789873954139
9789871981281
9789871981717
9789871981793
9789871981335
9789871259717
9789874922090
9789874922724
9789873954894
9789871981267
9789878452418
9789874922496
9789873954221
9789871259557
9789871981908
9789871259342
9789878452289
9789870000009
9789874922946
9789874922946
9789874922410
9789874922519
9789873954887
9789873954917
9789873954917
9789873954184
9789873954160
9789871981687
9789871981014
9789871259861
9789871259878
9789871259878
9789871981304
9789878452098
9789878452210
9789874922816
9789874922380
9789878452012
9789874922892
9789874922533
9789874922212
9789874922076
9789873954559
9789873954856
9879780000016
9879780000019
9789874922717
9789874922069
9789873954870
9789878452166
9789874922632
9789873954429
9789873954313
9789873954320
9788491134688
9788413820330
9788490227831
9788413822945
9788491136552
9788491136088
9788491136668
9788491133933
9788491139522
9788491134015
9788490221082
9788491138006
9788491137450
9788445813133
9788413820187
9788491137719
9788491132257
9788413821528
9788491132264
9788491137368
9788491139454
9788491135531
9788491133162
9788413820408
9788490229910
9788491137665
9788491135470
9788491136712
9788491135043
9788491135074
9788413822303
9788491138921
9788413821825
9788491137696
9788491137818
9788491135807
9788491136873
9788491135609
9788491134701
9788491131557
9788491133148
9788491132189
9788491131786
9788491131847
9788490228135
9788490228333
9788413821801
9788491136507
9788491137443
9788491133599
9788413820378
9788413822716
9788491135883
9788491137832
9788491135081
9788491135630
9788490229460
9788413822983
9788413820057
9788490228227
9788413823126
9788491139386
9788491133650
9788491133636
9788491132943
9788491132950
9788491131762
9788490229187
9788490225288
9788413820682
9788491132646
9788491136651
9788491136323
9788491138358
9788490229323
9788490229309
9788413821474
9788491139621
9788491133742
9788491136736
9788413820019
9788491136460
9788491133827
9788491136477
9788413822198
9788491136880
9788491132134
9788491130000
9788491131748
9788491132080
9788491134954
9788413821610
9788413820194
9788491132660
9788491132233
9788491137917
9788491133407
9788491134855
9788491138518
9788491137801
9788413821160
9788491136750
9788491134183
9788491133735
9788480867245
9788491134992
9788491137290
9788491135685
9788491131380
9788413821771
9788491134787
9788413821849
9788413821603
9788491136767
9788491139492
9788491131106
9788491130970
9788491131687
9788491137979
9788445826423
9788491133766
9788413821689
9788491135555
9788413822129
9788491132981
9788491135036
9788491131434
9788491135234
9788413820163
9788491133841
9788491135500
9788491135173
9788491131229
9788491133087
9788491138563
9788491131540
9788491137016
9788413821832
9788491132455
9788491134534
9788445821473
9788491136279
9788490226889
9788491139539
9788491139560
9788491137733
9788491138075
9788490228814
9788491134763
9788491138907
9788491136705
9788491133315
9788413822068
9788491136620
9788490228883
9788491132400
9788490228852
9788491131076
9788491132448
9788491137658
9788491135456
9788491131731
9788491139133
9788413822174
9788491133520
9788491134862
9788413822228
9788413820248
9788491139577
9788491131236
9788491131403
9788413822419
9788413822822
9788413822204
9788413822037
9788491138501
9788491133759
9788491132622
9788491132608
9788490224434
9788490225905
9788491137313
9788491135906
9788413822150
9788491135265
9788491139584
9788413820231
9788413820118
9788491134169
9788413820200
9788490226643
9788445821398
9788480860260
9788491131427
9788491139416
9788491139614
9788491138082
9788491132745
9788491138969
9788491134718
9788491132936
9788413822747
9788413822976
9788413822259
9788413820675
9788413821634
9788491139065
9788491137238
9788491135050
9788491131168
9788491130710
9788491131717
9788491135708
9788491138938
9788491137689
9788491138297
9788491132677
9788491135647
9788491137269
9788413822013
9788491138327
9788491133568
9788491130345
9788491130529
9788490227855
9788490229781
9788491138990
9788491135203
9788491136729
9788491135067
9788491132820
9788413821733
9788491131588
9788491135012
9788491135524
9788491135487
9788491139003
9788491137184
9788491135593
9788491134886
9788491131571
9788491133810
9788491132592
9788491131175
9788490229859
9788491134831
9788491138976
9788491131533
9788491136859
9788491135258
9788491134190
9788491131359
9788491139638
9788491138051
9788491139119
9788413822167
9788413820422
9788491137467
9788491131274
9788413822112
9788491139669
9788491139676
9788491134442
9788491135760
9788491134725
9788491134879
9788491133834
9788491132219
9788491130055
9788491134213
9788491136637
9788491138471
9788491131489
9788491137931
9788491132127
9788491131700
9788413822464
9788413822181
9788413820644
9788491137245
9788491135210
9788491130161
9788491136347
9788491133643
9788491130635
9788445821022
9788413820392
9788491130994
9788491132837
9788491138341
9788491136064
9788491139409
9788490227930
9788491135791
9788491135739
9788491130499
9788491132523
9788413820651
9780323759786
9788480868983
9788490221150
9788491133896
9788491135159
9788491132974
9788491134060
9788491136286
9788491134695
9788491135562
9788491132813
9788413821757
9788417602116
9788445823163
9788491134244
9788491136033
9788413822600
9788491134589
9788491135586
9788491135388
9788491138426
9788491134299
9788491131250
9788491132738
9788413822136
9788413822143
9788413822310
9788413821313
9788491139553
9788491139546
9788413820132
9788491136309
9788491132585
9788417602024
9788418563645
9788418563478
9788418563799
9788418257674
9788418892066
9788417370855
9788416004706
9788491131861
9788491131854
9788491132271
9788491134947
9788491132844
9788491132769
9788445820476
9788491136606
9788490228951
9788491133018
9788491130079
9788491135364
9788417949938
9788491131205
9788445826058
9788491138488
9788413822020
9788491134527
9788491130963
9788413820224
9788491137863
9788491133001
9788491133049
9788413822235
9788491133155
9788491132059
9788491131779
9788491133025
9788413822211
9788491138068
9788491131526
9788491139683
9788491133032
9788491137948
9788490228999
9788413822440
9788491135371
9788491138815
9788491139379
9788491132714
9788490221167
9788491135494
9788491136354
9788491135197
9788491134770
9788491131397
9788490228630
9788490225332
9788413820217
9788413822501
9788491133711
9788480866620
9788491133537
9788491133544
9788491138389
9788491133551
9788491130260
9788491139393
9788491133803
9788445807224
9788491137993
9788490224953
9788490229989
9788491130369
9788491136781
9788413822990
9788491132462
9788491138822
9788491135272
9788491136774
9788491130475
9788491135111
9788491134732
9788491139058
9788490224519
9788413820552
9788491134510
9788413820446
9788491134046
9788413821344
9788491135128
9788491138310
9788491137788
9788413821191
9788491136682
9788490224960
9788413820156
9788491133377
9788491136040
9788491134152
9788491135722
9788491137795
9788491134053
9788491133384
9788491136453
9788491133360
9788491133353
9788413821276
9788491136644
9788491135180
9788491136071
9788413820125
9788491139652
9788417033279
9788416004850
9788417370299
9788417370350
9788415840640
00016519
03045412
02104806
02141582
11301473
1576-9887
2253-654X
0034-9356
0211-5638
1134-5934
1887-8369
0014-2565
0300-8932
0210-5705
0009-739X
0214-9168
0210-5691
1130-2399
0213-005X
0365-6691
1138-3593
0048-7120
0211-139X
0033-8338
1575-0922
0213-9251
1699-258X
9788491137757
9788491135029
9788491138853
9789878452005
9789878452029
9789874922427
9789874922243
9789871259786
9789873954535
9789874922694
9789873954368
9788491102106
9786078546152
9786078546602
9788491105084
9786078546374
9788491107453
9788491100409
9789500695749
9788491108276
9788491102731
9789500695817
9789500694964
9789500696821
9789500696470
9789500602914
9789500696500
9789500695695
9788491105107
9789500696326
9789588443485
9788411060462
9788491103868
9788491107989
9788491106807
9786079356897
9786079356965
9788498355215
9788498357714
9786078546442
9789500606264
9789500696678
9786078546466
9788491106036
9788491101475
9789500606738
9788498359251
9789500696524
9789500695756
9786079356415
9788491101208
9788491106470
9788491105176
9789500601429
9788491101048
9788491101123
9788479033934
9788498351354
9789500695541
9788491104995
9788491109174
9788498353211
9788491105398
9788491108559
9788491100591
9788491108085
9788491105787
9788491109129
9788498359534
9788491102908
9788411060431
9788491103578
9788491105848
9788491105602
9788498359411
9788491102793
9786078546077
9788498354805
9786078546053
9788491101420
9788491104971
9788491103455
9789500696388
9788491108658
9789500694896
9789500695329
9788491105534
9788491107644
9788491106135
9788491108702
9789500695367
9789500695411
9786078546428
9788411060622
9788491109211
9786078546527
9786078546039
9788491104209
9786078546756
9788491102120
9788491106371
9788491107965
9788491106128
9788491109693
9788491104537
9788498359435
9788491108030
9788491103950
9788491102038
9788491102014
9788491102021
9788491105374
9788491102397
9788498353655
9789500606752
9788491100386
9789500696616
9788498357868
9788491106685
9789500695558
9789588443829
9789588443744
9789500696067
9789500696906
9788491104766
9788491107149
9789500694957
9788491106357
9789500695930
9789500696746
9788491106296
9788491103943
9788491105299
9786078546183
9789500695305
9789500696838
9789500695596
9789500696456
9789500696142
9789500695480
9789500695640
9789500696012
9789500695718
9789500696302
9789500696234
9789500606363
9789500695510
9788491106012
9788491108412
9789588443720
9788491102465
9788498357769
9788491103493
9788491106968
9788498357660
9788411060448
9788478856787
9788478856251
9788478856763
9788478856282
9788478856312
9788478856121
9788478856428
139788478856091
97884788556213
9788478856770
9788478856008
9788478856688
9788478856596
9788478856750
9788478856558
9788478856039
9788478856619
9788478856015
9788478856695
9788478856725
9788478856855
97884788556442
97884788556459
97884788556473
97884788556336
9780702081651
9780323544245
9780702077050
9780323795388
9780323713016
9780323718608
9780323698252
9780323825528
9780323722193
9781560533689
9780323757454
9780323758000
 9780323523424
9780323759298
9780443111983
9780323696074
9780323672696
9780323446761
9780323790130
9780323417884
9780323673235
9780323639156
9781455756438
9780323757898
9780323792622
9780323694124
9780323624282
9780323777278
9780323878005
9780323672931
9780323733885
9780323462020
9780323375917
9780323790581
9780323711593
9780443105616
9780729544245
9780702078682
9780323825924
9780443111136
9780323721639
9780323758529
9780323791359
9780323636711
9780323478717
9780323790758
9780323661928
9780323636681
9780323414791
9780323810074
9780323697835
9780323654005
9780323789783
9780323776844
9780323795159
9780702082986
9780323568111
9780323661881
9780323722131
9780323672405
9780702083730
9780323833844
9780323796699
9780323698368
9780323567695
9780323697934
9780323708654
9780323733571
9780323611794
9780323696180
9780323672368
9780323694278
9780323683906
9780323936200
9780323834148
9780323878678
9780323679886
9780323428606
9780702075827
9780323549417
9780702069833
9780323810609
9780323810470
9780323681841
9780323824330
9780323878555
9780323636629
9780323641869
9780323777889
9780323796088
9780323712842
9780323761772
9780323638821
9780323681070
9780323756082
9780323680134
9780323243223
9780323697750
9780323795197
9780323775939
9780323624763
9780702076800
9780323653817
9780323709545
9780323655873
9780323796958
9780323877572
9780323758499
9780323640824
9780323794022
9780323680592
9780323625678
9780323756204
9780323834735
9780323824989
9780323796637
9780323680615
9780702075247
9780323765305
9780323829861
9780702081330
9780323636520
9780702070501
9780323697804
9780323694346
9780323375078
9780323775571
9780323697668
9780323775755
9780323811996
9780323827478
9780323639699
9780323655651
9780323546423
9781975191061
9781975165727
9781975108663
9781975145071
9781975127176
9781975127138
9781975136062
9781496386489
9781496394019
9781975116606
9781496318282
9781496317605
9781469892986
9781975194215
9781975152895
9781975176464
9781975143688
9781975124793
9781975174491
9781975150723
9781975158552
9781975161538
9781975184681
9781975102920
9781975126896
9781975162337
9781975107581
9781975146146
9781975111595
9781975144951
9781975144135
9781975157890
9781975161330
9781975149604
9781975142513
9781975161453
9783132444737
9783132428393
9783132006317
9783132428416
9783131510815
9783132427518
9783132434561
9783132410756
9783132434585
9783132454255
9783132444720
9781684200559
9783132215818
9783132414273
9781626238121
9781684200917
9781626238237
9781626238916
9781626236936
9781626236899
9788411060264
9780323354783
9789390553907
9789390553242
9781626239043
9781626235175
9789388257718
9789388257855
9789390553136
9781626232716
9780323711920
9780323530453
9780323775724
9780323567381
9781975184698
9781975153489
9781605476148
9789874922847
9781975105525
9788417602109
9788413822006
9788413823010
9780323811217
9780323797962
9788498359954
9788417949150
9788491136613
9788413824055
9788413823812
9788413822754
9788413823072
9788413821986
9788491139041
9780323551274
9788417602307
9788491104827
9789585349100
9780323790666
9780323757928
9780323826754
9780323697286
9788418892882
9788418892851
9788417602093
9788417370107
9788417949723
9788418257537
9788491136491
9788413824017
9788491136521
9788491136545
9788445826027
9788413821214
9788445826096
9788491135661
9788491136538
9780323286381
9780323478724
9780323510646
9781455773909
9781455773916
9781455773923
9781455742295
9781416063797
9781416063865
9781416063872
9781416063803
9781416063827
9781437756548
9781437705744
9781437705959
9781437722383
9788413822457
9788491135777
9788491132615
9788491134794
9788491132639
9788417370848
9788419284242
9788418257001
9781975120016
9781264540259
9781264752492
9781264270002
9781264257089
 9798566027432
9781980706700
9788418149559
9786120026472
9788417033835
9788491131120
9788413823898
9788413824178
9788413824000
9788490228289
9788413821993
9788491139430
9788491134848
9788490229194
9788491137825
9788413823881
9788413820170
9788491135296
9788491138839
9788490228869
9788491131724
9788491136866
9788413820255
9788413824413
9788413821627
9788413822488
9788413824406
9788413824062
9788491137887
9788491138846
9788491136675
9788413821818
9788491134930
9788491133605
9788491132516
9788413823034
9788491137320
9788413821290
9788491133421
9788413824079
9788491135142
9788413823867
9788491138334
9788413821979
9788491136293
9788413823119
9788491132417
9788491135166
9788491138099
9788413822617
9788491137207
9788491137306
9788413823058
9788413822723
9788491134077
9788413821177
9788491137214
9788491139508
9788413820439
9788445826584
9788491132493
9789878452487
9788491137252
9788491137757
9788413824185
9788413823980
9788413823843
9788491137221
9788413822082
9788491133667
9788413821740
9788413822730
9788491136590
9788491137986
9788490227787
9788413822556
9788413824970
9788491139447
9788490229347
9788491136743
9788413824192
9788413824031
9788413823683
9788491137924
9788413824260
9788413822839
9788413824086
9788413823874
9788491136057
9788491107460
9788491106920
9788491108450
9788491103608
9786078546169
9788498354737
9786078546565
9786078546541
9788491108153
9788491102441
9788491104094
9788491108290
9788491109501
9788491101499
9789588443706
9788491101888
9788411060547
9788491136842
9788491109723
9788491104124
9788491105428
9788491109488
9788491108337
9786078546411
9786078546381
9786078546480
9788491107019
9788491103509
9788491103011
9788491107415
9788491108146
9789500696715
9788491109242
9788491109198
9788491101734
9789500696357
9786078546503
9789500695381
9788491103530
9788491102045
9786078546220
9786078546336
9788491107491
9788491106586
9788491104575
9788491109167
9786078546282
9789500696197
9789500696104
9788491103233
9788491102281
9788491101512
9789500696999
9788491108634
9788491102625
9788498359275
9786078546244
9789500696968
9788491109334
9788491109044
9788491105442
9789588443782
9788498358728
9788491109372
9788491103837
9788491102489
9789500695992
9788491101376
9788491107804
9788491106753
9788491104704
9788491109839
9788491102601
9788491101970
9789500696876
9788491109013
9788491103707
9788491108238
9788491104346
9788491107118
9788491109600
9788491109280
9788491107514
9788491104674
9788491107675
9788491106647
9788491103929
9789500696548
9788491108757
9788491106715
9788417033392
9788419284860
9788419284303
9788418892950
9788419284334
9788419284495
9788419284297
9788419284600
9781975146269
9781975171094
9781975181444
9781975174217
9788419284877
9788418892592
9788419284501
9788417370862
9788413824635
9788413824963
9788413825083
9788413824208
9788413824024
9788413822075
9788413821641
9788413822938
9788413823805
9788413823850
9788413823065
9788491139591
9788413822808
9789878452562
9789878452395
9789878452456
9780323833653
9780323829977
9780323681056
9780323935838
9788418257605
9788419284365
9786287528598
9786287528314
9789585348912
9788419284341
9788419284518
9788419284037
9788418892943
9788413824314
9788413820040
9788413823997
9788413820385
9788413820361
9788419663085
9780323932325
9780323523271
9788413825304
9788413825441
9788413823836
9788491109778
9788419663139
9788419663597
9788419284839
9788419663344
9788419663276
9788419663191
9788419663375
9788419663436
9788419284808
9788419663160
9788419663559
9788419663290
9788419663252
9788419663405
9789878452623
9789878452630
9789878452616
9789878452685
9788419284327
9788419284624
9788419663061
9788419663580
9788419663467
9788419663283
9788419663511
9788419663924
9788419663269
9788419663641
9788419663528
9788419663627
9788410022096
9789878452739
9788413824628
97861260078346
9786120087947
9786120087677
9786124935183
9788410022249
9786124943997
9789500697323
9788478857142
9788478857111
9788478857098
9788478857029
9788478856954
9788478855728
9786120093146
9788419663856
9786078546848
9788409537129
9789878452760
9789878452807
9789878452746
9789878452814
9788413823973
9788478857210
9788478857203
9788478857159
9788478857081
9788478856985
9788478857043
9788478857074
9788478857050
9788478856886
9788478857104
9786124966415
9788478857197
9788478857180
9788396362223
9789871860944
9789878626758
9786287673106
9786287673359
9786287673243
9786287673250
9786287673335
9789915967554
9788410022300
9788419663986
9781975212520
9788491133988
9788411060677
9788491105817
9788491101147
9788411062459
9788411063609
9788411062763
9788411062213
9788411061810
9788411061520
9788411063104
9788411061001
9788410022201
9788411061162
9788411062886
9788411060721
9789500695923